MT
5 16
2 2 2 2 2 2 2 2 2 2 2 2 2 2 2 2 
16
2 0 2 
2 2 6 
2 6 8 
2 8 12 
2 12 14 
2 13 14 
2 4 13 
2 10 14 
2 10 11 
2 12 15 
2 6 7 
2 5 7 
2 3 5 
2 7 9 
2 1 6 
1 0 
4
0.950681 0.0493186 0.637305 0.362695 
4
0.977959 0.0220413 0.767179 0.232821 
4
0.971881 0.0281192 0.42193 0.57807 
4
0.967985 0.0320149 0.915581 0.0844186 
4
0.939347 0.0606528 0.767096 0.232904 
4
0.889136 0.266891 0.110864 0.733109 
4
0.80928 0.12275 0.19072 0.87725 
4
0.949953 0.662796 0.0500474 0.337204 
4
0.888305 0.111695 0.56973 0.43027 
4
0.997635 0.00236505 0.960901 0.0390993 
4
0.852698 0.147302 0.025954 0.974046 
4
0.913508 0.562373 0.0864925 0.437627 
4
0.825044 0.463853 0.174956 0.536147 
4
0.593524 0.406476 0.05583 0.94417 
4
0.952317 0.761723 0.0476832 0.238277 
2
0.970376 0.0296236 
16
2 0 2 
2 2 6 
2 6 8 
2 8 12 
2 12 14 
2 13 14 
2 4 13 
2 10 14 
2 10 11 
2 12 15 
2 6 7 
2 5 7 
2 3 5 
2 7 9 
2 1 6 
1 0 
4
0.955271 0.0447288 0.335459 0.664541 
4
0.976221 0.0237792 0.338112 0.661888 
4
0.998614 0.00138551 0.240916 0.759084 
4
0.979132 0.0208682 0.345157 0.654843 
4
0.972561 0.0274393 0.226352 0.773648 
4
0.886848 0.0557257 0.113152 0.944274 
4
0.797922 0.184657 0.202078 0.815343 
4
0.97083 0.220792 0.0291701 0.779208 
4
0.868308 0.131692 0.155685 0.844315 
4
0.997549 0.00245104 0.741721 0.258279 
4
0.948723 0.0512772 0.0118988 0.988101 
4
0.919631 0.148221 0.0803689 0.851779 
4
0.850093 0.351903 0.149907 0.648097 
4
0.606876 0.393124 0.0394002 0.9606 
4
0.960348 0.439677 0.0396517 0.560323 
2
0.949447 0.0505531 
16
2 0 2 
2 2 6 
2 6 8 
2 8 12 
2 12 14 
2 13 14 
2 4 13 
2 10 14 
2 10 11 
2 12 15 
2 6 7 
2 5 7 
2 3 5 
2 7 9 
2 1 6 
1 0 
4
0.936878 0.0631217 0.120957 0.879043 
4
0.937898 0.0621015 0.00510384 0.994896 
4
0.999609 0.000390884 0.0280877 0.971912 
4
0.995004 0.00499596 0.0186336 0.981366 
4
0.995825 0.004175 0.00211635 0.997884 
4
0.953404 0.00771596 0.0465962 0.992284 
4
0.912044 0.0628089 0.0879555 0.937191 
4
0.995736 0.0504051 0.00426355 0.949595 
4
0.902948 0.0970522 0.00171022 0.99829 
4
0.998388 0.00161192 0.188188 0.811812 
4
0.994 0.00600019 0.00101777 0.998982 
4
0.975851 0.00269772 0.0241493 0.997302 
4
0.955039 0.11612 0.0449614 0.88388 
4
0.795934 0.204066 0.0012389 0.998761 
4
0.986287 0.0900473 0.0137129 0.909953 
2
0.750774 0.249226 
16
2 0 2 
2 2 6 
2 6 8 
2 8 12 
2 12 14 
2 13 14 
2 4 13 
2 10 14 
2 10 11 
2 12 15 
2 6 7 
2 5 7 
2 3 5 
2 5 9 
2 1 6 
1 0 
4
0.773435 0.226565 0.398054 0.601946 
4
0.849983 0.150017 0.733366 0.266634 
4
0.978793 0.0212068 0.875345 0.124655 
4
0.902772 0.0972275 0.909752 0.0902483 
4
0.869705 0.130295 0.71718 0.28282 
4
0.753578 0.230819 0.246422 0.769181 
4
0.538139 0.0705632 0.461861 0.929437 
4
0.886815 0.646161 0.113185 0.353839 
4
0.667265 0.332735 0.418879 0.581121 
4
0.9894 0.0105998 0.963617 0.0363833 
4
0.873594 0.126406 0.592986 0.407014 
4
0.36212 0.111701 0.63788 0.888299 
4
0.701481 0.270353 0.298519 0.729647 
4
0.362047 0.637953 0.134624 0.865376 
4
0.880059 0.739536 0.119941 0.260464 
2
0.916154 0.0838464 
16
2 0 2 
2 2 6 
2 6 8 
2 8 12 
2 12 14 
2 13 14 
2 4 13 
2 10 12 
2 10 11 
2 12 15 
2 6 7 
2 5 7 
2 3 5 
2 7 9 
2 1 6 
1 0 
4
0.756606 0.243394 0.26995 0.73005 
4
0.668758 0.331242 0.284249 0.715751 
4
0.83517 0.16483 0.279796 0.720204 
4
0.753629 0.246371 0.491224 0.508776 
4
0.587036 0.412964 0.266165 0.733835 
4
0.477369 0.079253 0.522631 0.920747 
4
0.203645 0.0533022 0.796355 0.946698 
4
0.69596 0.302611 0.30404 0.697389 
4
0.284091 0.715909 0.0701003 0.9299 
4
0.959907 0.0400927 0.668394 0.331606 
4
0.511804 0.488196 0.0637813 0.936219 
4
0.463278 0.1054 0.536722 0.8946 
4
0.418927 0.133558 0.581073 0.866442 
4
0.0942804 0.90572 0.00700908 0.992991 
4
0.823882 0.491993 0.176118 0.508007 
2
0.793221 0.206779 
