MT
10 69
1 2 2 2 2 2 2 2 2 2 2 2 2 2 2 2 2 2 2 2 2 2 2 2 2 2 2 2 2 2 2 2 2 2 2 2 2 2 2 2 2 2 2 2 2 2 2 2 2 2 2 2 2 2 2 2 2 2 2 2 2 2 2 2 2 2 2 2 2 
69
2 1 57 
2 26 57 
2 26 49 
2 49 53 
2 34 53 
2 34 42 
2 38 53 
2 24 38 
2 14 38 
2 12 14 
2 29 49 
2 29 65 
2 30 65 
2 29 46 
2 46 51 
2 40 51 
2 27 40 
2 27 61 
2 35 61 
2 35 55 
2 15 55 
2 3 15 
2 3 32 
2 23 32 
2 13 15 
2 13 52 
2 52 62 
2 16 52 
2 58 61 
2 22 58 
2 11 27 
2 10 27 
2 47 51 
2 20 47 
2 19 20 
2 19 31 
2 4 31 
2 4 48 
2 21 48 
2 21 37 
2 37 56 
2 36 56 
2 48 59 
2 17 19 
2 47 66 
2 9 46 
2 9 25 
2 9 54 
2 9 63 
2 39 63 
2 28 39 
2 1 6 
2 6 64 
2 50 64 
2 7 50 
2 18 64 
2 18 33 
2 33 67 
2 8 67 
2 8 60 
2 45 60 
2 8 41 
2 5 41 
2 2 6 
2 2 68 
2 43 68 
2 43 44 
1 0 
1 1 
4
0.974109 0.025891 0.23816 0.76184 
4
0.955662 0.159932 0.0443383 0.840068 
4
0.868697 0.131303 0.0431267 0.956873 
4
0.981632 0.0183678 0.136774 0.863226 
4
0.995453 0.283101 0.00454721 0.716899 
4
0.978997 0.0210033 0.122641 0.877359 
4
0.995657 0.490802 0.00434303 0.509198 
4
0.991553 0.429559 0.00844663 0.570441 
4
0.99664 0.415993 0.00335993 0.584007 
4
0.999376 0.58589 0.000624254 0.41411 
4
0.96863 0.103918 0.03137 0.896082 
4
0.983151 0.0168488 0.08114 0.91886 
4
0.984616 0.090274 0.0153842 0.909726 
4
0.949098 0.0509019 0.0600467 0.939953 
4
0.97663 0.0233698 0.076414 0.923586 
4
0.979737 0.0837467 0.0202631 0.916253 
4
0.964907 0.0813797 0.0350933 0.91862 
4
0.949317 0.050683 0.0626753 0.937325 
4
0.947505 0.0983147 0.0524951 0.901685 
4
0.966408 0.0335924 0.141669 0.858331 
4
0.936156 0.072463 0.0638445 0.927537 
4
0.958851 0.136673 0.0411488 0.863327 
4
0.969111 0.0308891 0.183017 0.816983 
4
0.944635 0.142083 0.0553648 0.857917 
4
0.894718 0.256759 0.105282 0.743241 
4
0.937472 0.0625282 0.649948 0.350052 
4
0.995466 0.00453359 0.367626 0.632374 
4
0.947038 0.590447 0.0529624 0.409553 
4
0.969478 0.156761 0.0305222 0.843239 
4
0.973854 0.103144 0.0261462 0.896856 
4
0.990704 0.198168 0.00929606 0.801832 
4
0.994093 0.268725 0.00590711 0.731275 
4
0.985079 0.0819549 0.0149208 0.918045 
4
0.980427 0.064782 0.019573 0.935218 
4
0.966392 0.0302442 0.0336083 0.969756 
4
0.971732 0.0282676 0.146094 0.853906 
4
0.955591 0.149752 0.0444087 0.850248 
4
0.942197 0.0578033 0.1774 0.8226 
4
0.959943 0.225842 0.0400574 0.774158 
4
0.964852 0.0351485 0.225686 0.774314 
4
0.958012 0.0419882 0.21087 0.78913 
4
0.979429 0.248254 0.0205714 0.751746 
4
0.810749 0.189251 0.111085 0.888915 
4
0.993118 0.194684 0.00688161 0.805316 
4
0.990879 0.00912143 0.10551 0.89449 
4
0.995639 0.143222 0.00436128 0.856778 
4
0.960299 0.0397014 0.0215736 0.978426 
4
0.993673 0.00632704 0.148108 0.851892 
4
0.996602 0.00339788 0.0462894 0.953711 
4
0.988346 0.113856 0.0116538 0.886144 
4
0.972597 0.0690975 0.0274027 0.930902 
4
0.901382 0.0986176 0.0872716 0.912728 
4
0.90707 0.0929302 0.147872 0.852128 
4
0.890918 0.085497 0.109082 0.914503 
4
0.824961 0.159106 0.175039 0.840894 
4
0.937264 0.217212 0.0627361 0.782788 
4
0.955673 0.0443273 0.180914 0.819086 
4
0.951783 0.048217 0.167201 0.832799 
4
0.911241 0.149346 0.0887595 0.850654 
4
0.898409 0.101591 0.214715 0.785285 
4
0.904707 0.259327 0.0952932 0.740673 
4
0.850745 0.149255 0.222604 0.777396 
4
0.904165 0.215399 0.0958355 0.784601 
4
0.977558 0.476606 0.0224417 0.523394 
4
0.989789 0.0102111 0.301502 0.698498 
4
0.978386 0.170632 0.0216144 0.829368 
4
0.996816 0.00318406 0.594196 0.405804 
1
1 
2
0.822822 0.177178 
69
2 1 57 
2 26 57 
2 26 30 
2 30 65 
2 29 65 
2 29 49 
2 49 53 
2 34 53 
2 34 42 
2 38 53 
2 14 38 
2 12 14 
2 24 38 
2 29 46 
2 46 51 
2 40 51 
2 27 40 
2 27 61 
2 35 61 
2 35 55 
2 15 55 
2 3 15 
2 3 32 
2 23 32 
2 13 15 
2 13 52 
2 52 62 
2 16 52 
2 58 61 
2 22 58 
2 11 27 
2 10 27 
2 47 51 
2 20 47 
2 19 20 
2 19 31 
2 4 31 
2 4 48 
2 21 48 
2 21 37 
2 37 56 
2 36 56 
2 48 59 
2 17 19 
2 47 66 
2 9 46 
2 9 25 
2 25 28 
2 28 39 
2 39 63 
2 9 54 
2 1 6 
2 6 64 
2 50 64 
2 7 50 
2 18 64 
2 18 33 
2 33 67 
2 8 67 
2 8 60 
2 45 60 
2 8 41 
2 5 41 
2 2 6 
2 2 68 
2 43 68 
2 43 44 
1 0 
1 1 
4
0.976345 0.0236552 0.252503 0.747497 
4
0.975675 0.145604 0.0243248 0.854396 
4
0.955697 0.0443028 0.0830156 0.916984 
4
0.94224 0.0577603 0.172668 0.827332 
4
0.948916 0.156951 0.0510844 0.843049 
4
0.941039 0.0589608 0.128431 0.871569 
4
0.983468 0.0165319 0.333852 0.666148 
4
0.987753 0.320129 0.0122468 0.679871 
4
0.976903 0.0230971 0.151201 0.848799 
4
0.991753 0.534305 0.00824675 0.465695 
4
0.996952 0.420445 0.00304793 0.579555 
4
0.999372 0.62569 0.000628058 0.37431 
4
0.995181 0.516903 0.00481911 0.483097 
4
0.898012 0.101988 0.129204 0.870796 
4
0.964502 0.0354982 0.180631 0.819369 
4
0.962874 0.174282 0.0371264 0.825718 
4
0.942506 0.157819 0.0574945 0.842181 
4
0.929164 0.0708362 0.14287 0.85713 
4
0.93605 0.130979 0.0639499 0.869021 
4
0.957289 0.0427105 0.169109 0.830891 
4
0.941416 0.133737 0.0585838 0.866263 
4
0.952696 0.154723 0.0473038 0.845277 
4
0.968393 0.0316067 0.229364 0.770636 
4
0.930672 0.141667 0.0693277 0.858333 
4
0.900462 0.246183 0.0995376 0.753817 
4
0.939305 0.0606948 0.667735 0.332265 
4
0.995723 0.0042773 0.337849 0.662151 
4
0.957889 0.616491 0.0421106 0.383509 
4
0.96541 0.267154 0.0345904 0.732846 
4
0.965183 0.182648 0.0348167 0.817352 
4
0.986436 0.317645 0.0135637 0.682355 
4
0.990384 0.431068 0.00961636 0.568932 
4
0.98011 0.208236 0.0198905 0.791764 
4
0.965926 0.156278 0.0340739 0.843722 
4
0.938599 0.0750714 0.0614013 0.924929 
4
0.960708 0.0392923 0.216088 0.783912 
4
0.940907 0.211843 0.0590927 0.788157 
4
0.926436 0.0735637 0.226738 0.773262 
4
0.959535 0.305934 0.040465 0.694066 
4
0.962958 0.037042 0.29391 0.70609 
4
0.967866 0.0321343 0.217951 0.782049 
4
0.982223 0.167775 0.0177774 0.832225 
4
0.806142 0.193858 0.103189 0.896811 
4
0.973917 0.35729 0.0260829 0.64271 
4
0.986507 0.0134925 0.181211 0.818789 
4
0.980913 0.229547 0.019087 0.770453 
4
0.969833 0.0301668 0.112611 0.887389 
4
0.99524 0.00475975 0.161263 0.838737 
4
0.993458 0.00654202 0.255462 0.744538 
4
0.973311 0.0266888 0.142263 0.857737 
4
0.99272 0.00728035 0.319742 0.680258 
4
0.902478 0.0975217 0.185083 0.814917 
4
0.908366 0.0916337 0.180174 0.819826 
4
0.888851 0.107953 0.111149 0.892047 
4
0.824821 0.181891 0.175179 0.818109 
4
0.930397 0.272746 0.0696032 0.727254 
4
0.94146 0.0585401 0.22903 0.77097 
4
0.95614 0.0438604 0.19043 0.80957 
4
0.918669 0.152364 0.0813307 0.847636 
4
0.896135 0.103865 0.242891 0.757109 
4
0.910352 0.293429 0.0896478 0.706571 
4
0.862361 0.137639 0.232553 0.767447 
4
0.903263 0.237459 0.0967368 0.762541 
4
0.980568 0.579708 0.019432 0.420292 
4
0.988621 0.0113786 0.322678 0.677322 
4
0.983477 0.265669 0.0165229 0.734331 
4
0.996733 0.00326671 0.720325 0.279675 
1
1 
2
0.841451 0.158549 
69
2 1 57 
2 26 57 
2 26 49 
2 49 53 
2 34 53 
2 34 42 
2 38 53 
2 14 38 
2 12 14 
2 24 38 
2 29 49 
2 29 65 
2 30 65 
2 29 46 
2 46 51 
2 40 51 
2 27 40 
2 27 61 
2 35 61 
2 35 55 
2 15 55 
2 3 15 
2 3 32 
2 23 32 
2 13 15 
2 13 52 
2 52 62 
2 16 52 
2 58 61 
2 22 58 
2 11 27 
2 10 27 
2 47 51 
2 20 47 
2 19 20 
2 19 31 
2 4 31 
2 4 48 
2 21 48 
2 21 37 
2 37 56 
2 36 56 
2 48 59 
2 17 19 
2 47 66 
2 9 46 
2 9 25 
2 25 28 
2 28 39 
2 39 63 
2 9 54 
2 1 6 
2 6 64 
2 50 64 
2 7 50 
2 18 64 
2 18 33 
2 33 67 
2 8 67 
2 8 60 
2 45 60 
2 8 41 
2 5 41 
2 2 6 
2 2 68 
2 43 68 
2 43 44 
1 0 
1 1 
4
0.985573 0.0144271 0.410733 0.589267 
4
0.972922 0.241539 0.027078 0.758461 
4
0.926756 0.0732442 0.101719 0.898281 
4
0.982203 0.0177971 0.235646 0.764354 
4
0.993225 0.395102 0.00677532 0.604898 
4
0.983423 0.0165766 0.186408 0.813592 
4
0.994644 0.53068 0.00535629 0.46932 
4
0.996921 0.49752 0.00307909 0.50248 
4
0.99936 0.623281 0.000640419 0.376719 
4
0.991759 0.449599 0.0082406 0.550401 
4
0.967386 0.26088 0.0326141 0.73912 
4
0.981969 0.0180307 0.232419 0.767581 
4
0.982626 0.215011 0.0173742 0.784989 
4
0.91816 0.0818397 0.180255 0.819745 
4
0.963887 0.0361129 0.233103 0.766897 
4
0.966103 0.239638 0.0338967 0.760362 
4
0.950799 0.201442 0.0492005 0.798558 
4
0.93606 0.0639396 0.169776 0.830224 
4
0.93909 0.148918 0.0609098 0.851082 
4
0.962232 0.0377682 0.175676 0.824324 
4
0.948408 0.14228 0.051592 0.85772 
4
0.956427 0.173028 0.0435725 0.826972 
4
0.97567 0.0243296 0.265189 0.734811 
4
0.942814 0.15235 0.0571859 0.84765 
4
0.885949 0.250269 0.114051 0.749731 
4
0.931876 0.0681242 0.610175 0.389825 
4
0.994826 0.00517437 0.326489 0.673511 
4
0.967575 0.669589 0.0324251 0.330411 
4
0.965651 0.344363 0.0343489 0.655637 
4
0.974602 0.248158 0.0253979 0.751842 
4
0.989876 0.381275 0.010124 0.618725 
4
0.992133 0.532427 0.00786696 0.467573 
4
0.982185 0.30875 0.0178147 0.69125 
4
0.974048 0.181066 0.0259517 0.818934 
4
0.957894 0.0986753 0.0421063 0.901325 
4
0.965909 0.034091 0.271 0.729 
4
0.949406 0.212183 0.0505944 0.787817 
4
0.944541 0.0554594 0.259625 0.740375 
4
0.977979 0.400235 0.0220213 0.599765 
4
0.976012 0.0239881 0.399036 0.600964 
4
0.974463 0.0255375 0.323912 0.676088 
4
0.986514 0.343855 0.0134864 0.656145 
4
0.81307 0.18693 0.106062 0.893938 
4
0.991695 0.410239 0.00830526 0.589761 
4
0.987829 0.0121712 0.223898 0.776102 
4
0.984417 0.294576 0.0155828 0.705424 
4
0.971656 0.0283436 0.147926 0.852074 
4
0.995336 0.00466435 0.166096 0.833904 
4
0.994453 0.00554715 0.246307 0.753693 
4
0.982992 0.0170084 0.213417 0.786583 
4
0.994005 0.0059955 0.353982 0.646018 
4
0.915049 0.0849514 0.131416 0.868584 
4
0.915444 0.0845555 0.216564 0.783436 
4
0.888446 0.119565 0.111554 0.880435 
4
0.829914 0.207604 0.170086 0.792396 
4
0.935527 0.336281 0.0644733 0.663719 
4
0.961832 0.0381683 0.291726 0.708274 
4
0.95618 0.0438204 0.230899 0.769101 
4
0.919075 0.218189 0.0809254 0.781811 
4
0.899403 0.100597 0.284785 0.715215 
4
0.911843 0.314725 0.0881575 0.685275 
4
0.860505 0.139495 0.30174 0.69826 
4
0.906703 0.257483 0.0932972 0.742517 
4
0.978218 0.545632 0.0217816 0.454368 
4
0.993196 0.00680407 0.318263 0.681737 
4
0.988208 0.226203 0.0117916 0.773797 
4
0.996017 0.00398307 0.53493 0.46507 
1
1 
2
0.890902 0.109098 
69
2 1 57 
2 26 57 
2 26 49 
2 49 53 
2 34 53 
2 34 42 
2 38 53 
2 14 38 
2 12 14 
2 24 38 
2 29 49 
2 29 65 
2 30 65 
2 29 46 
2 46 51 
2 40 51 
2 27 40 
2 27 61 
2 35 61 
2 35 55 
2 15 55 
2 3 15 
2 3 32 
2 23 32 
2 13 15 
2 13 52 
2 52 62 
2 16 52 
2 58 61 
2 22 58 
2 11 27 
2 10 27 
2 47 51 
2 20 47 
2 19 20 
2 19 31 
2 4 31 
2 4 48 
2 21 48 
2 21 37 
2 37 56 
2 36 56 
2 48 59 
2 17 19 
2 47 66 
2 9 46 
2 9 25 
2 9 54 
2 9 63 
2 39 63 
2 28 39 
2 1 6 
2 6 64 
2 50 64 
2 7 50 
2 18 64 
2 18 33 
2 33 67 
2 8 67 
2 8 60 
2 45 60 
2 8 41 
2 5 41 
2 2 6 
2 2 68 
2 43 68 
2 43 44 
1 0 
1 1 
4
0.982321 0.0176791 0.352137 0.647863 
4
0.969496 0.244675 0.0305042 0.755325 
4
0.896851 0.103149 0.0812887 0.918711 
4
0.979991 0.0200091 0.226818 0.773182 
4
0.994541 0.414152 0.00545927 0.585848 
4
0.982408 0.0175921 0.186194 0.813806 
4
0.995066 0.563577 0.00493358 0.436423 
4
0.998186 0.496084 0.00181437 0.503916 
4
0.999373 0.617067 0.000626998 0.382933 
4
0.991859 0.42391 0.0081411 0.57609 
4
0.966838 0.19735 0.0331616 0.80265 
4
0.981497 0.0185025 0.169251 0.830749 
4
0.983426 0.162216 0.0165736 0.837784 
4
0.930635 0.0693651 0.11403 0.88597 
4
0.968002 0.0319984 0.164535 0.835465 
4
0.974503 0.182109 0.0254973 0.817891 
4
0.9536 0.137512 0.0464004 0.862488 
4
0.943737 0.0562634 0.120246 0.879754 
4
0.946612 0.119781 0.0533879 0.880219 
4
0.965624 0.0343764 0.151808 0.848192 
4
0.943737 0.0888811 0.0562631 0.911119 
4
0.962155 0.156411 0.0378447 0.843589 
4
0.973463 0.0265369 0.218437 0.781563 
4
0.949199 0.163664 0.0508008 0.836336 
4
0.899859 0.262196 0.100141 0.737804 
4
0.937192 0.0628085 0.634147 0.365853 
4
0.996338 0.00366235 0.338053 0.661947 
4
0.963649 0.63827 0.0363506 0.36173 
4
0.965332 0.220632 0.0346682 0.779368 
4
0.979427 0.173415 0.0205728 0.826585 
4
0.990165 0.316262 0.00983529 0.683738 
4
0.993051 0.405699 0.00694855 0.594301 
4
0.980744 0.176693 0.0192559 0.823307 
4
0.978452 0.13653 0.0215483 0.86347 
4
0.959524 0.0578465 0.0404763 0.942153 
4
0.9695 0.0305002 0.195167 0.804833 
4
0.950839 0.170415 0.049161 0.829585 
4
0.947278 0.0527223 0.225152 0.774848 
4
0.971957 0.328476 0.0280434 0.671524 
4
0.97467 0.0253299 0.34582 0.65418 
4
0.968577 0.0314229 0.300654 0.699346 
4
0.985408 0.333731 0.0145924 0.666269 
4
0.819282 0.180718 0.122862 0.877138 
4
0.993194 0.335084 0.00680646 0.664916 
4
0.989553 0.0104472 0.185754 0.814246 
4
0.993798 0.290154 0.00620207 0.709846 
4
0.94873 0.0512702 0.0476209 0.952379 
4
0.991236 0.00876443 0.26505 0.73495 
4
0.996854 0.00314598 0.0986079 0.901392 
4
0.984482 0.19174 0.0155176 0.80826 
4
0.973997 0.142919 0.0260029 0.857081 
4
0.905069 0.0949306 0.12638 0.87362 
4
0.908422 0.0915783 0.206814 0.793186 
4
0.890595 0.109188 0.109405 0.890812 
4
0.815242 0.191253 0.184758 0.808747 
4
0.937086 0.306511 0.0629142 0.693489 
4
0.961503 0.0384972 0.268381 0.731619 
4
0.954488 0.0455117 0.213396 0.786604 
4
0.917583 0.197741 0.0824171 0.802259 
4
0.896484 0.103516 0.260121 0.739879 
4
0.899211 0.307452 0.100789 0.692548 
4
0.859422 0.140578 0.288683 0.711317 
4
0.899368 0.238891 0.100632 0.761109 
4
0.977029 0.551187 0.0229707 0.448813 
4
0.992897 0.00710304 0.319252 0.680748 
4
0.987477 0.207551 0.0125228 0.792449 
4
0.996829 0.00317081 0.530844 0.469156 
1
1 
2
0.882619 0.117381 
69
2 1 57 
2 26 57 
2 26 30 
2 30 65 
2 29 65 
2 29 49 
2 49 53 
2 34 53 
2 34 42 
2 38 53 
2 14 38 
2 12 14 
2 24 38 
2 29 46 
2 46 51 
2 40 51 
2 27 40 
2 27 61 
2 35 61 
2 35 55 
2 15 55 
2 3 15 
2 3 32 
2 23 32 
2 13 15 
2 13 52 
2 52 62 
2 16 52 
2 58 61 
2 22 58 
2 11 27 
2 10 27 
2 47 51 
2 20 47 
2 19 20 
2 19 31 
2 4 31 
2 4 48 
2 21 48 
2 21 37 
2 37 56 
2 36 56 
2 48 59 
2 17 19 
2 47 66 
2 9 46 
2 9 25 
2 9 54 
2 9 39 
2 28 39 
2 39 63 
2 1 6 
2 6 64 
2 50 64 
2 7 50 
2 18 64 
2 18 33 
2 33 67 
2 8 67 
2 8 60 
2 45 60 
2 8 41 
2 5 41 
2 2 6 
2 2 68 
2 43 68 
2 43 44 
1 0 
1 1 
4
0.973152 0.0268484 0.22218 0.77782 
4
0.968412 0.147339 0.0315879 0.852661 
4
0.947427 0.0525728 0.064408 0.935592 
4
0.943587 0.056413 0.120492 0.879508 
4
0.944817 0.0880654 0.0551831 0.911935 
4
0.953424 0.0465755 0.102028 0.897972 
4
0.983703 0.0162974 0.274461 0.725539 
4
0.990926 0.260124 0.00907386 0.739876 
4
0.978114 0.0218858 0.129449 0.870551 
4
0.992676 0.486942 0.00732442 0.513058 
4
0.995648 0.385243 0.00435201 0.614757 
4
0.999409 0.646952 0.000590739 0.353048 
4
0.995934 0.513359 0.00406577 0.486641 
4
0.912327 0.0876726 0.0800601 0.91994 
4
0.970787 0.0292127 0.113678 0.886322 
4
0.971567 0.127224 0.028433 0.872776 
4
0.953866 0.0931936 0.0461335 0.906806 
4
0.938285 0.0617153 0.0872273 0.912773 
4
0.946483 0.097122 0.0535173 0.902878 
4
0.965952 0.0340481 0.142466 0.857534 
4
0.942507 0.0880549 0.0574931 0.911945 
4
0.957497 0.131331 0.0425028 0.868669 
4
0.9711 0.0289002 0.186954 0.813046 
4
0.941949 0.118044 0.0580513 0.881956 
4
0.901966 0.231425 0.0980338 0.768575 
4
0.937785 0.0622154 0.652205 0.347795 
4
0.995676 0.00432432 0.388694 0.611306 
4
0.953379 0.614515 0.0466211 0.385485 
4
0.96955 0.204938 0.0304498 0.795062 
4
0.96954 0.148865 0.0304603 0.851135 
4
0.991101 0.223903 0.00889886 0.776097 
4
0.992542 0.326861 0.00745831 0.673139 
4
0.982092 0.142667 0.0179083 0.857333 
4
0.976393 0.133181 0.0236067 0.866819 
4
0.945672 0.0616158 0.0543283 0.938384 
4
0.961911 0.0380894 0.176324 0.823676 
4
0.941895 0.182464 0.0581053 0.817536 
4
0.928661 0.0713391 0.201567 0.798433 
4
0.960867 0.27098 0.0391331 0.72902 
4
0.96686 0.0331397 0.277333 0.722667 
4
0.965189 0.0348106 0.184014 0.815986 
4
0.986211 0.181398 0.0137887 0.818602 
4
0.809952 0.190048 0.0879718 0.912028 
4
0.977798 0.327726 0.0222019 0.672274 
4
0.986896 0.0131035 0.152625 0.847375 
4
0.996883 0.196609 0.0031166 0.803391 
4
0.946658 0.0533416 0.0173819 0.982618 
4
0.992014 0.00798649 0.165475 0.834525 
4
0.997163 0.00283697 0.0716003 0.9284 
4
0.982752 0.181625 0.0172478 0.818375 
4
0.989266 0.0107342 0.21814 0.78186 
4
0.889141 0.110859 0.164786 0.835214 
4
0.904872 0.0951277 0.156983 0.843017 
4
0.884732 0.0953569 0.115268 0.904643 
4
0.82506 0.171889 0.17494 0.828111 
4
0.929634 0.271879 0.070366 0.728121 
4
0.947484 0.0525164 0.200654 0.799346 
4
0.956714 0.0432857 0.191813 0.808187 
4
0.911493 0.144608 0.0885067 0.855392 
4
0.896052 0.103948 0.224256 0.775744 
4
0.907812 0.288358 0.0921882 0.711642 
4
0.861676 0.138324 0.216525 0.783475 
4
0.908604 0.22604 0.0913957 0.77396 
4
0.980197 0.574942 0.0198025 0.425058 
4
0.986992 0.0130077 0.354029 0.645971 
4
0.979379 0.254358 0.0206206 0.745642 
4
0.996728 0.00327169 0.730482 0.269518 
1
1 
2
0.835799 0.164201 
69
2 1 57 
2 26 57 
2 26 30 
2 30 65 
2 29 65 
2 29 49 
2 49 53 
2 34 53 
2 34 42 
2 38 53 
2 14 38 
2 12 14 
2 24 38 
2 29 46 
2 46 51 
2 40 51 
2 27 40 
2 27 61 
2 35 61 
2 35 55 
2 15 55 
2 3 15 
2 3 32 
2 23 32 
2 13 15 
2 13 52 
2 52 62 
2 16 52 
2 58 61 
2 22 58 
2 27 66 
2 11 27 
2 10 27 
2 47 51 
2 20 47 
2 19 20 
2 19 31 
2 4 31 
2 4 48 
2 21 48 
2 21 37 
2 37 56 
2 36 56 
2 48 59 
2 17 19 
2 9 46 
2 9 25 
2 25 28 
2 28 39 
2 39 63 
2 9 54 
2 1 6 
2 6 64 
2 50 64 
2 7 50 
2 18 64 
2 18 33 
2 33 67 
2 8 67 
2 8 60 
2 45 60 
2 8 41 
2 5 41 
2 2 6 
2 2 68 
2 43 68 
2 43 44 
1 0 
1 1 
4
0.972604 0.0273961 0.222528 0.777472 
4
0.975661 0.154627 0.0243389 0.845373 
4
0.929464 0.0705365 0.081113 0.918887 
4
0.905628 0.0943718 0.186922 0.813078 
4
0.904817 0.236173 0.0951834 0.763827 
4
0.894519 0.105481 0.220219 0.779781 
4
0.972582 0.0274181 0.404868 0.595132 
4
0.985456 0.345847 0.0145441 0.654153 
4
0.975072 0.0249284 0.185535 0.814465 
4
0.991065 0.558774 0.00893513 0.441226 
4
0.996766 0.444736 0.00323444 0.555264 
4
0.999513 0.612622 0.000487398 0.387378 
4
0.994742 0.473343 0.00525811 0.526657 
4
0.813726 0.186274 0.216434 0.783566 
4
0.863608 0.136392 0.236316 0.763684 
4
0.940702 0.402849 0.0592977 0.597151 
4
0.873466 0.343254 0.126534 0.656746 
4
0.880868 0.119132 0.12466 0.87534 
4
0.911068 0.213084 0.0889324 0.786916 
4
0.953602 0.0463982 0.252977 0.747023 
4
0.912338 0.143269 0.0876623 0.856731 
4
0.934813 0.202938 0.0651871 0.797062 
4
0.960154 0.0398461 0.277441 0.722559 
4
0.927295 0.18363 0.072705 0.81637 
4
0.918216 0.362929 0.0817838 0.637071 
4
0.958999 0.0410012 0.703687 0.296313 
4
0.997415 0.00258458 0.347027 0.652973 
4
0.966761 0.606475 0.0332386 0.393525 
4
0.920737 0.307331 0.0792634 0.692669 
4
0.929071 0.243028 0.0709287 0.756972 
4
0.982515 0.0174851 0.151318 0.848682 
4
0.969809 0.496043 0.0301915 0.503957 
4
0.974442 0.547216 0.0255583 0.452784 
4
0.865368 0.392453 0.134632 0.607547 
4
0.926235 0.393335 0.0737654 0.606665 
4
0.863025 0.121102 0.136975 0.878898 
4
0.929183 0.0708167 0.329022 0.670978 
4
0.927185 0.275908 0.072815 0.724092 
4
0.930977 0.0690227 0.273509 0.726491 
4
0.939916 0.31673 0.0600837 0.68327 
4
0.958834 0.0411661 0.390174 0.609826 
4
0.955491 0.0445094 0.271118 0.728882 
4
0.977718 0.194264 0.0222821 0.805736 
4
0.836588 0.163412 0.151449 0.848551 
4
0.96457 0.485648 0.0354295 0.514352 
4
0.95823 0.361138 0.0417699 0.638862 
4
0.921081 0.0789187 0.190057 0.809943 
4
0.983854 0.0161455 0.253067 0.746933 
4
0.982223 0.0177766 0.290124 0.709876 
4
0.9539 0.0460996 0.188179 0.811821 
4
0.98284 0.0171602 0.467 0.533 
4
0.906518 0.093482 0.207344 0.792656 
4
0.916123 0.0838765 0.212903 0.787097 
4
0.903834 0.131532 0.096166 0.868468 
4
0.882933 0.230207 0.117067 0.769793 
4
0.946326 0.309389 0.0536735 0.690611 
4
0.937661 0.0623395 0.189748 0.810252 
4
0.958628 0.0413723 0.211892 0.788108 
4
0.929069 0.166211 0.0709313 0.833789 
4
0.922288 0.0777122 0.276372 0.723628 
4
0.946139 0.36677 0.0538615 0.63323 
4
0.898441 0.101559 0.279342 0.720658 
4
0.941648 0.266735 0.0583523 0.733265 
4
0.980279 0.587092 0.019721 0.412908 
4
0.988755 0.0112449 0.319706 0.680294 
4
0.984576 0.215948 0.0154236 0.784052 
4
0.99599 0.00401041 0.672307 0.327693 
1
1 
2
0.846028 0.153972 
69
2 1 57 
2 26 57 
2 26 49 
2 49 53 
2 34 53 
2 34 42 
2 38 53 
2 24 38 
2 14 38 
2 12 14 
2 29 49 
2 29 65 
2 30 65 
2 29 46 
2 46 51 
2 40 51 
2 27 40 
2 27 61 
2 35 61 
2 35 55 
2 15 55 
2 3 15 
2 3 32 
2 23 32 
2 13 15 
2 13 52 
2 52 62 
2 16 52 
2 58 61 
2 22 58 
2 11 27 
2 10 27 
2 47 51 
2 20 47 
2 19 20 
2 19 31 
2 4 31 
2 4 48 
2 21 48 
2 21 37 
2 37 56 
2 36 56 
2 48 59 
2 17 19 
2 47 66 
2 9 46 
2 9 25 
2 9 54 
2 46 63 
2 39 63 
2 28 39 
2 1 6 
2 6 64 
2 50 64 
2 7 50 
2 18 64 
2 18 33 
2 33 67 
2 8 67 
2 8 60 
2 45 60 
2 8 41 
2 5 41 
2 2 6 
2 2 68 
2 43 68 
2 43 44 
1 0 
1 1 
4
0.978376 0.0216242 0.337226 0.662774 
4
0.944375 0.163468 0.0556247 0.836532 
4
0.905334 0.0946664 0.097432 0.902568 
4
0.94554 0.05446 0.123126 0.876874 
4
0.994612 0.495976 0.00538772 0.504024 
4
0.972002 0.0279977 0.20128 0.79872 
4
0.99423 0.442887 0.00576988 0.557113 
4
0.975671 0.25804 0.0243289 0.74196 
4
0.998338 0.599953 0.00166163 0.400047 
4
0.999417 0.373429 0.000583285 0.626571 
4
0.960486 0.322738 0.039514 0.677262 
4
0.977323 0.0226774 0.256476 0.743524 
4
0.962224 0.204044 0.0377756 0.795956 
4
0.914212 0.0857877 0.14997 0.85003 
4
0.954063 0.0459371 0.432727 0.567273 
4
0.976596 0.379914 0.0234042 0.620086 
4
0.94631 0.286503 0.0536899 0.713497 
4
0.946868 0.0531316 0.25391 0.74609 
4
0.943087 0.196744 0.0569134 0.803256 
4
0.973357 0.0266431 0.261545 0.738455 
4
0.955328 0.12578 0.0446723 0.87422 
4
0.971007 0.221715 0.0289931 0.778285 
4
0.982398 0.017602 0.296572 0.703428 
4
0.963892 0.179231 0.0361083 0.820769 
4
0.91938 0.308397 0.0806199 0.691603 
4
0.948202 0.0517981 0.590626 0.409374 
4
0.997218 0.00278237 0.321007 0.678993 
4
0.972649 0.682291 0.0273509 0.317709 
4
0.96739 0.349191 0.0326098 0.650809 
4
0.97438 0.295473 0.0256204 0.704527 
4
0.989429 0.498699 0.0105707 0.501301 
4
0.994559 0.609985 0.00544072 0.390015 
4
0.977322 0.321932 0.0226775 0.678068 
4
0.978209 0.277182 0.0217915 0.722818 
4
0.952941 0.0816735 0.0470592 0.918327 
4
0.976824 0.0231762 0.35322 0.64678 
4
0.967116 0.312011 0.0328837 0.687989 
4
0.954479 0.0455212 0.261994 0.738006 
4
0.980127 0.370081 0.0198729 0.629919 
4
0.957327 0.0426734 0.376684 0.623316 
4
0.952531 0.0474694 0.262157 0.737843 
4
0.979012 0.377308 0.0209879 0.622692 
4
0.868716 0.131284 0.140327 0.859673 
4
0.987629 0.374658 0.012371 0.625342 
4
0.983863 0.0161372 0.376893 0.623107 
4
0.97974 0.562646 0.02026 0.437354 
4
0.931695 0.0683052 0.158629 0.841371 
4
0.990054 0.00994625 0.491422 0.508578 
4
0.997775 0.0022246 0.177846 0.822154 
4
0.982675 0.332737 0.017325 0.667263 
4
0.942372 0.143992 0.0576281 0.856008 
4
0.9053 0.0947003 0.105841 0.894159 
4
0.908339 0.0916609 0.297164 0.702836 
4
0.884961 0.139894 0.115039 0.860106 
4
0.842931 0.242854 0.157069 0.757146 
4
0.92529 0.269593 0.0747105 0.730407 
4
0.944066 0.0559343 0.237846 0.762154 
4
0.950316 0.0496844 0.213593 0.786407 
4
0.926712 0.200571 0.0732884 0.799429 
4
0.903133 0.0968667 0.258752 0.741248 
4
0.912495 0.328452 0.0875049 0.671548 
4
0.886304 0.113696 0.370286 0.629714 
4
0.916586 0.265699 0.083414 0.734301 
4
0.963204 0.36842 0.0367956 0.63158 
4
0.990397 0.00960344 0.214077 0.785923 
4
0.978263 0.101799 0.0217366 0.898201 
4
0.99034 0.00966014 0.333307 0.666693 
1
1 
2
0.813824 0.186176 
69
2 1 57 
2 26 57 
2 26 49 
2 49 53 
2 34 53 
2 34 42 
2 38 53 
2 24 38 
2 14 38 
2 12 14 
2 29 49 
2 29 65 
2 30 65 
2 29 46 
2 46 51 
2 47 51 
2 20 47 
2 19 20 
2 19 31 
2 4 31 
2 4 48 
2 21 48 
2 21 37 
2 37 56 
2 36 56 
2 48 59 
2 17 19 
2 47 66 
2 40 51 
2 27 40 
2 27 61 
2 35 61 
2 35 55 
2 15 55 
2 3 15 
2 3 32 
2 23 32 
2 13 15 
2 13 52 
2 52 62 
2 16 52 
2 58 61 
2 22 58 
2 11 27 
2 10 27 
2 9 46 
2 9 25 
2 9 54 
2 9 63 
2 39 63 
2 28 39 
2 1 6 
2 6 64 
2 50 64 
2 7 50 
2 18 64 
2 18 33 
2 33 67 
2 8 67 
2 8 60 
2 45 60 
2 8 41 
2 5 41 
2 2 6 
2 2 68 
2 43 68 
2 43 44 
1 0 
1 1 
4
0.976968 0.0230319 0.313129 0.686871 
4
0.963685 0.220293 0.0363151 0.779707 
4
0.873147 0.126853 0.066683 0.933317 
4
0.97762 0.0223803 0.202962 0.797038 
4
0.993945 0.391354 0.00605506 0.608646 
4
0.97767 0.0223301 0.179388 0.820612 
4
0.993592 0.568456 0.00640814 0.431544 
4
0.989748 0.460008 0.0102523 0.539992 
4
0.997478 0.513688 0.00252232 0.486312 
4
0.999364 0.615874 0.000636484 0.384126 
4
0.964717 0.168496 0.0352834 0.831504 
4
0.978576 0.0214239 0.133824 0.866176 
4
0.981389 0.14751 0.0186111 0.85249 
4
0.934437 0.0655625 0.10107 0.89893 
4
0.96674 0.0332604 0.129134 0.870866 
4
0.97849 0.142776 0.0215097 0.857224 
4
0.977009 0.124394 0.0229907 0.875606 
4
0.956959 0.0466288 0.0430414 0.953371 
4
0.96989 0.0301096 0.191295 0.808705 
4
0.95707 0.183598 0.0429296 0.816402 
4
0.949278 0.050722 0.216853 0.783147 
4
0.963632 0.267279 0.0363677 0.732721 
4
0.968525 0.0314752 0.297668 0.702332 
4
0.963841 0.0361594 0.287076 0.712924 
4
0.979564 0.30685 0.0204363 0.69315 
4
0.825804 0.174196 0.138492 0.861508 
4
0.991725 0.279769 0.00827489 0.720231 
4
0.98869 0.0113099 0.175233 0.824767 
4
0.976021 0.163694 0.023979 0.836306 
4
0.949825 0.120167 0.0501749 0.879833 
4
0.94635 0.0536499 0.118179 0.881821 
4
0.94314 0.123893 0.0568603 0.876107 
4
0.966586 0.0334138 0.176621 0.823379 
4
0.934332 0.0919397 0.0656683 0.90806 
4
0.957127 0.170849 0.0428733 0.829151 
4
0.969002 0.0309985 0.228246 0.771754 
4
0.949899 0.176702 0.0501014 0.823298 
4
0.896315 0.303586 0.103685 0.696414 
4
0.937917 0.0620833 0.634833 0.365167 
4
0.995896 0.00410437 0.344297 0.655703 
4
0.960275 0.637282 0.0397245 0.362718 
4
0.961363 0.202177 0.0386372 0.797823 
4
0.973961 0.149786 0.0260389 0.850214 
4
0.989277 0.307531 0.0107235 0.692469 
4
0.992795 0.392402 0.00720473 0.607598 
4
0.992978 0.231942 0.00702248 0.768058 
4
0.948185 0.0518155 0.0409913 0.959009 
4
0.991357 0.00864291 0.24969 0.75031 
4
0.996336 0.00366415 0.0731484 0.926852 
4
0.984021 0.191318 0.015979 0.808682 
4
0.967579 0.12174 0.0324215 0.87826 
4
0.896468 0.103532 0.118259 0.881741 
4
0.904677 0.0953235 0.192051 0.807949 
4
0.893009 0.11174 0.106991 0.88826 
4
0.831138 0.189252 0.168862 0.810748 
4
0.938612 0.290382 0.0613883 0.709618 
4
0.954567 0.0454329 0.228893 0.771107 
4
0.952493 0.0475069 0.208928 0.791072 
4
0.918686 0.191837 0.0813143 0.808163 
4
0.898804 0.101196 0.244244 0.755756 
4
0.908616 0.30991 0.0913836 0.69009 
4
0.864431 0.135569 0.278892 0.721108 
4
0.907792 0.239337 0.0922079 0.760663 
4
0.976305 0.542362 0.0236954 0.457638 
4
0.990992 0.00900838 0.321459 0.678541 
4
0.98469 0.192121 0.0153103 0.807879 
4
0.996486 0.00351428 0.555637 0.444363 
1
1 
2
0.863499 0.136501 
69
2 1 57 
2 26 57 
2 26 49 
2 29 49 
2 29 65 
2 30 65 
2 29 46 
2 46 51 
2 47 51 
2 20 47 
2 19 20 
2 19 31 
2 4 31 
2 4 48 
2 21 48 
2 21 37 
2 37 56 
2 36 56 
2 48 59 
2 17 19 
2 47 66 
2 40 51 
2 27 40 
2 27 61 
2 35 61 
2 35 55 
2 15 55 
2 3 15 
2 3 32 
2 23 32 
2 13 15 
2 13 52 
2 52 62 
2 16 52 
2 58 61 
2 22 58 
2 11 27 
2 10 27 
2 9 46 
2 9 25 
2 25 28 
2 28 39 
2 39 63 
2 9 54 
2 49 53 
2 34 53 
2 34 42 
2 38 53 
2 14 38 
2 12 14 
2 24 38 
2 1 6 
2 6 64 
2 50 64 
2 7 50 
2 18 64 
2 18 33 
2 33 67 
2 8 67 
2 8 60 
2 45 60 
2 8 41 
2 5 41 
2 2 6 
2 2 68 
2 43 68 
2 43 44 
1 0 
1 1 
4
0.983695 0.0163054 0.322434 0.677566 
4
0.970894 0.162087 0.0291061 0.837913 
4
0.919521 0.0804785 0.0625381 0.937462 
4
0.976728 0.146228 0.0232715 0.853772 
4
0.987959 0.0120408 0.122095 0.877905 
4
0.987202 0.118768 0.0127978 0.881232 
4
0.945298 0.0547021 0.0899887 0.910011 
4
0.97571 0.0242895 0.121144 0.878856 
4
0.989168 0.162774 0.0108323 0.837226 
4
0.981313 0.081597 0.0186874 0.918403 
4
0.971276 0.0549374 0.0287242 0.945063 
4
0.971442 0.0285578 0.19081 0.80919 
4
0.952137 0.139222 0.0478626 0.860778 
4
0.949314 0.0506857 0.204756 0.795244 
4
0.978801 0.321741 0.0211989 0.678259 
4
0.974962 0.0250377 0.294707 0.705293 
4
0.972858 0.0271419 0.243792 0.756208 
4
0.986198 0.265955 0.0138024 0.734045 
4
0.812672 0.187328 0.101163 0.898837 
4
0.993854 0.275099 0.00614556 0.724901 
4
0.99118 0.00882028 0.111134 0.888866 
4
0.978234 0.124174 0.0217656 0.875826 
4
0.966073 0.105685 0.0339273 0.894315 
4
0.95161 0.04839 0.0896228 0.910377 
4
0.941938 0.0961119 0.0580618 0.903888 
4
0.964632 0.0353677 0.147712 0.852288 
4
0.944012 0.098179 0.0559876 0.901821 
4
0.961986 0.151414 0.0380142 0.848586 
4
0.976744 0.0232563 0.216592 0.783408 
4
0.944822 0.141928 0.0551784 0.858072 
4
0.888012 0.238688 0.111988 0.761312 
4
0.922319 0.0776815 0.631788 0.368212 
4
0.995154 0.00484564 0.324897 0.675103 
4
0.960621 0.656516 0.0393791 0.343484 
4
0.969314 0.217136 0.0306865 0.782864 
4
0.981183 0.169841 0.0188172 0.830159 
4
0.993797 0.242262 0.00620286 0.757738 
4
0.994704 0.354439 0.00529647 0.645561 
4
0.990629 0.170164 0.00937065 0.829836 
4
0.9829 0.0170997 0.0807478 0.919252 
4
0.996318 0.00368198 0.0947063 0.905294 
4
0.9965 0.00349993 0.137919 0.862081 
4
0.987816 0.0121837 0.0957489 0.904251 
4
0.995439 0.00456085 0.203661 0.796339 
4
0.985488 0.0145125 0.162199 0.837801 
4
0.996112 0.284918 0.00388805 0.715082 
4
0.986675 0.0133249 0.122275 0.877725 
4
0.996501 0.48021 0.00349898 0.51979 
4
0.997069 0.403138 0.00293052 0.596862 
4
0.999361 0.594444 0.00063861 0.405556 
4
0.992761 0.418073 0.00723905 0.581927 
4
0.914128 0.0858724 0.0968171 0.903183 
4
0.916097 0.083903 0.171909 0.828091 
4
0.889296 0.0971026 0.110704 0.902897 
4
0.827667 0.184019 0.172333 0.815981 
4
0.938715 0.281511 0.0612851 0.718489 
4
0.963634 0.0363661 0.246113 0.753887 
4
0.956058 0.0439418 0.203632 0.796368 
4
0.920001 0.170272 0.0799992 0.829728 
4
0.904619 0.0953808 0.24354 0.75646 
4
0.903462 0.284768 0.096538 0.715232 
4
0.854277 0.145723 0.259107 0.740893 
4
0.905352 0.237004 0.0946479 0.762996 
4
0.97878 0.508726 0.0212199 0.491274 
4
0.992411 0.00758949 0.306304 0.693696 
4
0.986238 0.194279 0.0137623 0.805721 
4
0.996817 0.003183 0.548981 0.451019 
1
1 
2
0.871335 0.128665 
69
2 1 57 
2 26 57 
2 26 49 
2 49 53 
2 34 53 
2 34 42 
2 38 53 
2 14 38 
2 12 14 
2 24 38 
2 29 49 
2 29 65 
2 30 65 
2 29 46 
2 46 51 
2 40 51 
2 27 40 
2 27 61 
2 35 61 
2 35 55 
2 15 55 
2 3 15 
2 3 32 
2 23 32 
2 13 15 
2 13 52 
2 52 62 
2 16 52 
2 58 61 
2 22 58 
2 11 27 
2 10 27 
2 47 51 
2 20 47 
2 19 20 
2 19 31 
2 4 31 
2 4 48 
2 21 48 
2 21 37 
2 37 56 
2 36 56 
2 48 59 
2 17 19 
2 47 66 
2 9 46 
2 9 25 
2 9 54 
2 9 39 
2 28 39 
2 39 63 
2 1 6 
2 6 64 
2 50 64 
2 7 50 
2 18 64 
2 18 33 
2 33 67 
2 8 67 
2 8 60 
2 45 60 
2 8 41 
2 5 41 
2 2 6 
2 2 68 
2 43 68 
2 43 44 
1 0 
1 1 
4
0.983589 0.0164111 0.332172 0.667828 
4
0.968969 0.205121 0.0310308 0.794879 
4
0.913977 0.0860226 0.0709001 0.9291 
4
0.983075 0.0169252 0.217441 0.782559 
4
0.99454 0.319842 0.00545973 0.680158 
4
0.982345 0.0176548 0.147952 0.852048 
4
0.995479 0.468917 0.00452142 0.531083 
4
0.99705 0.447322 0.00294972 0.552678 
4
0.999367 0.580783 0.0006331 0.419217 
4
0.992505 0.398496 0.00749542 0.601504 
4
0.96482 0.199732 0.0351801 0.800268 
4
0.98334 0.0166597 0.170216 0.829784 
4
0.98403 0.169455 0.0159704 0.830545 
4
0.925993 0.0740066 0.123842 0.876158 
4
0.970492 0.0295077 0.161097 0.838903 
4
0.970153 0.175754 0.0298471 0.824246 
4
0.955359 0.134195 0.0446406 0.865805 
4
0.938874 0.0611263 0.120299 0.879701 
4
0.946951 0.126212 0.0530493 0.873788 
4
0.967124 0.0328756 0.153016 0.846984 
4
0.949932 0.101724 0.0500684 0.898276 
4
0.961583 0.151484 0.0384169 0.848516 
4
0.974729 0.0252707 0.222173 0.777827 
4
0.948625 0.13609 0.0513746 0.86391 
4
0.894344 0.230637 0.105656 0.769363 
4
0.935933 0.0640667 0.619161 0.380839 
4
0.995044 0.00495613 0.357777 0.642223 
4
0.961496 0.640624 0.0385043 0.359376 
4
0.970516 0.289511 0.0294838 0.710489 
4
0.974769 0.193334 0.0252305 0.806666 
4
0.99005 0.292366 0.00994984 0.707634 
4
0.993552 0.433595 0.00644792 0.566405 
4
0.980767 0.202264 0.0192331 0.797736 
4
0.978154 0.167264 0.0218465 0.832736 
4
0.957901 0.0628196 0.0420987 0.93718 
4
0.970678 0.029322 0.225825 0.774175 
4
0.949292 0.208245 0.0507084 0.791755 
4
0.945935 0.0540646 0.232403 0.767597 
4
0.973653 0.34498 0.0263469 0.65502 
4
0.971213 0.0287869 0.328646 0.671354 
4
0.967189 0.0328111 0.268458 0.731542 
4
0.985793 0.316237 0.0142066 0.683763 
4
0.81399 0.18601 0.100386 0.899614 
4
0.992798 0.336066 0.00720169 0.663934 
4
0.988481 0.0115192 0.208813 0.791187 
4
0.996777 0.236212 0.00322257 0.763788 
4
0.955565 0.0444352 0.0301931 0.969807 
4
0.993932 0.00606831 0.202294 0.797706 
4
0.996966 0.00303352 0.0823113 0.917689 
4
0.982647 0.175437 0.0173532 0.824563 
4
0.989915 0.0100846 0.223492 0.776508 
4
0.909246 0.0907538 0.116586 0.883414 
4
0.907571 0.0924295 0.195902 0.804098 
4
0.885782 0.109618 0.114218 0.890382 
4
0.815528 0.192242 0.184472 0.807758 
4
0.933366 0.305022 0.0666335 0.694978 
4
0.960017 0.0399832 0.270681 0.729319 
4
0.951235 0.048765 0.197707 0.802293 
4
0.919791 0.191561 0.0802095 0.808439 
4
0.892312 0.107688 0.239179 0.760821 
4
0.902396 0.304746 0.0976043 0.695254 
4
0.859188 0.140812 0.271825 0.728175 
4
0.899684 0.229792 0.100316 0.770208 
4
0.979202 0.512332 0.0207983 0.487668 
4
0.992069 0.00793063 0.288863 0.711137 
4
0.987092 0.19102 0.0129076 0.80898 
4
0.996326 0.003674 0.543526 0.456474 
1
1 
2
0.871514 0.128486 
